----- stack_b -----
  [id]    [content]










     [24]      [93]
     [17]      [88]
     [11]      [92]
     [100]      [91]
     [73]      [86]
     [66]      [85]
     [57]      [77]
     [55]      [75]
     [54]      [76]
     [47]      [84]
     [38]      [80]
     [29]      [78]
     [26]      [82]
     [23]      [81]
     [8]      [83]
     [2]      [79]
     [80]      [74]
     [77]      [73]
     [71]      [66]
     [62]      [65]
     [61]      [64]
     [59]      [69]
     [53]      [67]
     [43]      [70]
     [22]      [63]
     [19]      [72]
     [5]      [68]
     [99]      [71]
     [97]      [62]
     [87]      [55]
     [84]      [51]
     [65]      [60]
     [60]      [57]
     [58]      [59]
     [46]      [53]
     [40]      [52]
     [39]      [61]
     [28]      [58]
     [12]      [54]
     [3]      [56]
     [6]      [44]
     [14]      [40]
     [16]      [48]
     [18]      [47]
     [20]      [46]
     [31]      [42]
     [37]      [39]
     [41]      [49]
     [49]      [38]
     [72]      [50]
     [88]      [41]
     [96]      [45]
     [98]      [43]
     [1]      [28]
     [21]      [29]
     [32]      [33]
     [34]      [26]
     [35]      [36]
     [44]      [37]
     [70]      [31]
     [81]      [32]
     [82]      [27]
     [90]      [30]
     [93]      [34]
     [95]      [35]
     [4]      [24]
     [9]      [18]
     [10]      [17]
     [15]      [14]
     [25]      [19]
     [52]      [15]
     [64]      [16]
     [68]      [25]
     [78]      [21]
     [85]      [23]
     [91]      [20]
     [94]      [22]
     [7]      [4]
     [13]      [6]
     [27]      [11]
     [30]      [9]
     [50]      [3]
     [56]      [5]
     [69]      [7]
     [75]      [12]
     [76]      [2]
     [79]      [13]
     [83]      [10]
     [92]      [8]
     [63]      [1]