----- stack_b -----
     [27]      [50]
     [32]      [49]
     [24]      [48]
     [22]      [47]
     [14]      [46]
     [11]      [44]
     [10]      [45]
     [40]      [43]
     [34]      [41]
     [23]      [38]
     [16]      [42]
     [47]      [39]
     [44]      [40]
     [30]      [37]
     [29]      [32]
     [26]      [33]
     [19]      [35]
     [18]      [36]
     [50]      [34]
     [43]      [31]
     [38]      [30]
     [37]      [27]
     [28]      [29]
     [12]      [28]
     [6]      [26]
     [13]      [20]
     [31]      [23]
     [35]      [22]
     [39]      [24]
     [1]      [14]
     [4]      [15]
     [9]      [13]
     [20]      [16]
     [21]      [18]
     [41]      [17]
     [45]      [11]
     [7]      [10]
     [8]      [8]
     [17]      [7]
     [25]      [12]
     [33]      [9]
     [42]      [6]
     [46]      [2]
     [48]      [3]
     [49]      [1]
     [15]      [5]
     [36]      [4]